%  columns="iteration, evaluation, sigma, axis ratio, bestever, best, median, worst fitness function value, further objective values of best" (startseed=216421, 2025/11/16 16:43:53.21)
1 17 7.866065e+01 2.026451e+04  1.058987064833066426e+06  1.058987064833066426e+06  2.071504875278692227e+06  2.107820490180819761e+06
2 33 7.579685e+01 2.020970e+04  1.058987064833066426e+06  1.059276857360264054e+06  2.051709761083955411e+06  2.098661476331443992e+06
3 49 7.387838e+01 2.016985e+04  1.042995545239444240e+06  1.042995545239444240e+06  1.075058163795220200e+06  2.073814488432594109e+06
4 65 7.203611e+01 2.009713e+04  1.033387776677221875e+06  1.033387776677221875e+06  2.044897783424419817e+06  2.084487252467533108e+06
5 81 7.043428e+01 1.966987e+04  1.025164493307069642e+06  1.025164493307069642e+06  1.059755227764610667e+06  2.058183542166134575e+06
6 97 6.935620e+01 1.981346e+04  1.020812694547156105e+06  1.020812694547156105e+06  1.045780647006549872e+06  2.049091707535503898e+06
7 113 6.844800e+01 1.969266e+04  1.019438930456837639e+06  1.019438930456837639e+06  2.018045104869233444e+06  2.027043337106723804e+06
8 129 6.805437e+01 1.996477e+04  1.016475314246664173e+06  1.016475314246664173e+06  1.024381767286160262e+06  2.036260380843125284e+06
9 145 6.753375e+01 2.026119e+04  1.012545125294350553e+06  1.012545125294350553e+06  2.015753524761499604e+06  2.021445021089018788e+06
10 161 6.694847e+01 2.025187e+04  1.011713760811986984e+06  1.011713760811986984e+06  1.022249119935078197e+06  2.021963661707929801e+06
11 177 6.644056e+01 1.990380e+04  1.011713760811986984e+06  1.012571294811034575e+06  1.529846837088117842e+06  2.026502092386448290e+06
12 193 6.558232e+01 2.020975e+04  1.011713760811986984e+06  1.012352567237363080e+06  1.023951962342657382e+06  2.028658878996638115e+06
13 209 6.469353e+01 2.017152e+04  1.011650069376639323e+06  1.011650069376639323e+06  1.057653689443428535e+06  2.045492953378382605e+06
14 225 6.396669e+01 2.033674e+04  1.011122687645650585e+06  1.011122687645650585e+06  1.020479950912365573e+06  2.096008584896062501e+06
15 241 6.385243e+01 2.038001e+04  1.011122687645650585e+06  1.011551543044407968e+06  1.014255575704692747e+06  2.028841815413142322e+06
16 257 6.333834e+01 2.066541e+04  1.011122687645650585e+06  1.011289449838564615e+06  1.013647707511714310e+06  2.019112878408260178e+06
17 273 6.342461e+01 2.065696e+04  1.011046627158803749e+06  1.011046627158803749e+06  1.016426453588641714e+06  2.013288215041184332e+06
18 289 6.364499e+01 2.045085e+04  1.010531069449062226e+06  1.010531069449062226e+06  1.015294972938179504e+06  2.015510490579266567e+06
19 305 6.349400e+01 2.049800e+04  1.010531069449062226e+06  1.010769082358709886e+06  1.014383452547550085e+06  2.013814435934881447e+06
20 321 6.310648e+01 2.030501e+04  1.010369464310273528e+06  1.010369464310273528e+06  1.015055331157631706e+06  2.017515946413038764e+06
21 337 6.284664e+01 2.002722e+04  1.010369464310273528e+06  1.010775391136687016e+06  1.018599891601079842e+06  2.030126777214924572e+06
22 353 6.259205e+01 2.071319e+04  1.010369464310273528e+06  1.011057608350515482e+06  1.016252883942531189e+06  2.024168948728602147e+06
23 369 6.250484e+01 2.086999e+04  1.010369464310273528e+06  1.011509062336431933e+06  1.017735994525420945e+06  2.016225535136203747e+06
24 385 6.288869e+01 2.129531e+04  1.010369464310273528e+06  1.011472943827485200e+06  1.016736968742346973e+06  2.032994995585321216e+06
25 401 6.310710e+01 2.134084e+04  1.010345042970941402e+06  1.010345042970941402e+06  1.017658881689846632e+06  2.020647882312841248e+06
26 417 6.296121e+01 2.138990e+04  1.249268718859435103e+04  1.249268718859435103e+04  1.016858108906645677e+06  2.019889898185499245e+06
27 433 6.282952e+01 2.137885e+04  1.102595584326152857e+04  1.102595584326152857e+04  1.014052264593620435e+06  2.022373872477044351e+06
28 449 6.331326e+01 2.123597e+04  1.102595584326152857e+04  1.150761736647332873e+04  1.025679071131824981e+06  2.084813760544547578e+06
29 465 6.341756e+01 2.054304e+04  1.102595584326152857e+04  2.193577811574229054e+04  1.014353684543493669e+06  2.011747437378685456e+06
30 481 6.295738e+01 2.053920e+04  1.102595584326152857e+04  2.297418408053643725e+04  1.017216569651587750e+06  2.018567038592982804e+06
31 497 6.213942e+01 2.067286e+04  1.102595584326152857e+04  1.163913917132437746e+04  1.016014120835632551e+06  1.079594406897448236e+06
32 513 6.171904e+01 2.064030e+04  1.102595584326152857e+04  1.328487590231982176e+04  1.022839266017884947e+06  2.044833196276340866e+06
33 529 6.162888e+01 2.040767e+04  1.102595584326152857e+04  1.327829351760621103e+04  1.013477828239468392e+06  2.038913603698148392e+06
34 545 6.172602e+01 2.040066e+04  1.102595584326152857e+04  1.448927158057123233e+04  1.013852224872729741e+06  2.015929021033320576e+06
35 561 6.153840e+01 2.020209e+04  1.102595584326152857e+04  1.357303765097646465e+04  1.014901274933039444e+06  2.012778601077788044e+06
36 577 6.135989e+01 2.081836e+04  1.102595584326152857e+04  1.424365327033557514e+04  2.120594127882955581e+04  2.014820588217795361e+06
37 593 6.139708e+01 2.084824e+04  1.102595584326152857e+04  1.274615841848389027e+04  1.019594091512257233e+06  2.029547182862024289e+06
38 609 6.159963e+01 2.088150e+04  1.102595584326152857e+04  1.324538732326058016e+04  1.013097616700853454e+06  2.014313909989715787e+06
39 625 6.153737e+01 2.132569e+04  1.102595584326152857e+04  1.225967296633522346e+04  2.084755455426393746e+04  2.023906626995883416e+06
40 641 6.110654e+01 2.177107e+04  1.102595584326152857e+04  1.247111510938130959e+04  1.012310520013674628e+06  2.021012930008461233e+06
41 657 6.074140e+01 2.265744e+04  1.102595584326152857e+04  1.167464527638719301e+04  2.663251957590455640e+04  2.016310396074642660e+06
42 673 6.039989e+01 2.336272e+04  1.102595584326152857e+04  1.282143866916632578e+04  2.063725097142674349e+04  1.021537301686323830e+06
43 689 5.995019e+01 2.410058e+04  1.102595584326152857e+04  1.322650968281652786e+04  1.621925506340216816e+04  2.016367632039084099e+06
44 705 5.932868e+01 2.438548e+04  1.102595584326152857e+04  1.194310358727949642e+04  1.015211358258462744e+06  2.012793438722978579e+06
45 721 5.851935e+01 2.448567e+04  1.102595584326152857e+04  1.319965555629191113e+04  5.161594356616752921e+05  1.024887607066071709e+06
46 737 5.765184e+01 2.418017e+04  1.102595584326152857e+04  1.258436181433432466e+04  1.017123507645776263e+06  2.022273372169870883e+06
47 753 5.656933e+01 2.458570e+04  1.102595584326152857e+04  1.180592784177445719e+04  1.012938476995301899e+06  1.028076169177240110e+06
48 769 5.548680e+01 2.547882e+04  1.102595584326152857e+04  1.265125382840500242e+04  5.176676481732235407e+05  1.017813602134654415e+06
49 785 5.435233e+01 2.670577e+04  1.102595584326152857e+04  1.209466821988232186e+04  1.011848480493435403e+06  1.020319912744706031e+06
50 801 5.362399e+01 2.688727e+04  1.102595584326152857e+04  1.213742458365242965e+04  1.383285117185706986e+04  1.017470890424924903e+06
51 817 5.281544e+01 2.708302e+04  1.102595584326152857e+04  1.201328308542187187e+04  1.398807164116891909e+04  2.014305197123686550e+06
52 833 5.217935e+01 2.722947e+04  1.102595584326152857e+04  1.127928331990118750e+04  1.535386407055195014e+04  1.019154036897124606e+06
53 849 5.138774e+01 2.705997e+04  1.102595584326152857e+04  1.196497476643490518e+04  1.580793195958907745e+04  1.019939948323401972e+06
54 865 5.060721e+01 2.688160e+04  1.102595584326152857e+04  1.119792616451724643e+04  1.446255162757303515e+04  1.017450257826788235e+06
55 881 5.020199e+01 2.672398e+04  1.102595584326152857e+04  1.198715616527171187e+04  1.588531073177469807e+04  2.012215242718384136e+06
56 897 4.965604e+01 2.661917e+04  1.080036111800656363e+04  1.080036111800656363e+04  1.517867386745504155e+04  1.027708014256784925e+06
57 913 4.903385e+01 2.666916e+04  1.072455518907220539e+04  1.072455518907220539e+04  1.428419423679939064e+04  1.020224192308615078e+06
58 929 4.848905e+01 2.608328e+04  1.072455518907220539e+04  1.077715640172142048e+04  1.364873729654201452e+04  2.011785557910276577e+06
59 945 4.809266e+01 2.599716e+04  1.072455518907220539e+04  1.107355532573997516e+04  1.011429327459506108e+06  2.013222840420092223e+06
60 961 4.761307e+01 2.617108e+04  1.072455518907220539e+04  1.131508031113440848e+04  1.388356425350718928e+04  1.013158314685368445e+06
61 977 4.712950e+01 2.656580e+04  1.072455518907220539e+04  1.107034522093578198e+04  1.011245423754963093e+06  2.011908671434516553e+06
62 993 4.671303e+01 2.626816e+04  1.072455518907220539e+04  1.073477846036981828e+04  5.127149528102585464e+05  1.019390199235742679e+06
63 1009 4.629263e+01 2.637455e+04  1.035831657094041657e+04  1.035831657094041657e+04  1.397302990965829486e+04  2.010863084536620183e+06
64 1025 4.608784e+01 2.614951e+04  9.919275133263754469e+03  9.919275133263754469e+03  1.012083295377447386e+06  2.014521823784231441e+06
65 1041 4.540448e+01 2.620867e+04  9.919275133263754469e+03  1.029860101930312157e+04  1.010536100220880238e+06  2.011786241015278967e+06
66 1057 4.478817e+01 2.636653e+04  9.919275133263754469e+03  1.054006055094592193e+04  1.265609451333693869e+04  2.011429204600363504e+06
67 1073 4.412347e+01 2.645848e+04  9.919275133263754469e+03  1.046706165109204812e+04  5.139755929795741104e+05  2.010899083578169346e+06
68 1089 4.384862e+01 2.661182e+04  9.919275133263754469e+03  1.044773878601001888e+04  1.269296849572679275e+04  1.012722194163328735e+06
69 1105 4.374369e+01 2.633523e+04  9.919275133263754469e+03  1.063202923618898785e+04  5.116041811343726586e+05  1.014378631921805558e+06
70 1121 4.372801e+01 2.686739e+04  9.919275133263754469e+03  1.011392213005945996e+04  2.183530372538416850e+04  2.016089522816327401e+06
71 1137 4.347232e+01 2.679007e+04  9.919275133263754469e+03  1.022633487423667793e+04  1.187772567602185336e+04  2.011620788054060191e+06
72 1153 4.291601e+01 2.738003e+04  9.919275133263754469e+03  9.925522768699700464e+03  1.096984140783802650e+04  1.011436406520612538e+06
73 1169 4.261720e+01 2.700103e+04  9.600980282152053405e+03  9.600980282152053405e+03  1.291152628224346154e+04  2.012559715766036185e+06
74 1185 4.253108e+01 2.704514e+04  9.600980282152053405e+03  9.676413828021057270e+03  1.010678250986921834e+06  2.010657577327006496e+06
75 1201 4.280237e+01 2.715458e+04  8.590869283674066537e+03  8.590869283674066537e+03  1.051609922007815476e+04  2.011035080633056350e+06
76 1217 4.279625e+01 2.723666e+04  8.590869283674066537e+03  9.366797628216963858e+03  1.172598522168735872e+04  1.009854335735250381e+06
77 1233 4.270942e+01 2.661681e+04  8.590869283674066537e+03  9.416250467109943202e+03  1.207734250561262706e+04  1.010920889268105035e+06
78 1249 4.283965e+01 2.661943e+04  8.590869283674066537e+03  9.488457539392657054e+03  1.009257602775574662e+06  2.013300920198122505e+06
79 1265 4.308250e+01 2.608898e+04  8.590869283674066537e+03  9.295917968219344402e+03  1.174021107744418441e+04  1.012325046980561339e+06
80 1281 4.328675e+01 2.597389e+04  8.590869283674066537e+03  9.243931563856711364e+03  1.024875261376134222e+04  2.009674100358947180e+06
81 1297 4.345505e+01 2.632353e+04  8.557978066830015450e+03  8.557978066830015450e+03  1.031757991658907849e+04  2.008384736758939922e+06
82 1313 4.334081e+01 2.649855e+04  8.557978066830015450e+03  9.500840867783110298e+03  1.009031815798894735e+06  2.009949211658049840e+06
83 1329 4.337781e+01 2.647507e+04  8.557978066830015450e+03  8.971847389399825261e+03  1.009956706680532778e+06  1.015639670553650591e+06
84 1345 4.346163e+01 2.744058e+04  8.557978066830015450e+03  9.298669462059928264e+03  1.008820931451443466e+06  2.008060997413262259e+06
85 1361 4.344844e+01 2.798064e+04  8.557978066830015450e+03  9.026833044939741740e+03  1.123043781405586924e+04  1.012518844714237028e+06
86 1377 4.346016e+01 2.842194e+04  8.557978066830015450e+03  8.867436887408766779e+03  1.156091787999462031e+04  2.011648619092765264e+06
87 1393 4.339115e+01 2.879966e+04  8.557978066830015450e+03  8.975178327160076151e+03  1.008877331021151156e+06  2.010982974190031644e+06
88 1409 4.332944e+01 2.887905e+04  8.557978066830015450e+03  8.861436256942113687e+03  5.122520955297951587e+05  2.019343170793885831e+06
89 1425 4.322786e+01 2.904164e+04  8.557978066830015450e+03  8.827472651636991941e+03  1.271814612590504839e+04  2.009807148796825437e+06
90 1441 4.299689e+01 3.033584e+04  8.462142206302953127e+03  8.462142206302953127e+03  1.246472435566856439e+04  1.015195660791449831e+06
91 1457 4.263122e+01 3.041477e+04  8.462142206302953127e+03  8.696988316595568904e+03  1.086541599905691328e+04  2.008448610030127922e+06
92 1473 4.217042e+01 3.034144e+04  8.462142206302953127e+03  9.314238383455667645e+03  1.008860528510218603e+06  3.009323418306241743e+06
93 1489 4.173131e+01 3.031454e+04  8.462142206302953127e+03  8.927810197998500371e+03  1.059948710035161639e+04  2.008030392054216936e+06
94 1505 4.123594e+01 3.049766e+04  8.462142206302953127e+03  8.758396135365905138e+03  1.008968936944452347e+06  2.010407011830436764e+06
95 1521 4.089739e+01 2.982982e+04  8.462142206302953127e+03  9.076354335349349640e+03  1.007217783256982875e+04  1.012993914185763802e+06
96 1537 4.034665e+01 2.943713e+04  8.355198153742478098e+03  8.355198153742478098e+03  1.293774843956598124e+04  1.012742303571755998e+06
97 1553 3.995478e+01 2.976356e+04  8.355198153742478098e+03  8.814446973433517996e+03  1.030512825504553439e+04  2.011496439869037597e+06
98 1569 3.988727e+01 2.935780e+04  8.355198153742478098e+03  8.751872511324900188e+03  9.531678548329600744e+03  1.008888894067645422e+06
99 1585 3.969221e+01 2.941027e+04  8.355198153742478098e+03  8.719171337266760020e+03  5.094497509546924848e+05  1.012075258926571463e+06
100 1601 3.953012e+01 2.917553e+04  8.355198153742478098e+03  9.191150822011632044e+03  5.096894650294075836e+05  1.013421102711233310e+06
101 1617 3.957695e+01 2.912762e+04  8.355198153742478098e+03  8.907265753304063765e+03  1.037778003729934790e+04  1.009712186794008245e+06
102 1633 3.966364e+01 2.912371e+04  8.355198153742478098e+03  8.850118363456553197e+03  1.008600784810031299e+06  2.011070240921536228e+06
103 1649 3.949242e+01 2.911207e+04  8.355198153742478098e+03  8.883214331248940653e+03  1.008811136027025990e+06  2.015827486838298850e+06
104 1665 3.918147e+01 2.910096e+04  8.355198153742478098e+03  8.709645465464027438e+03  1.004150944614071886e+04  1.011573827002560138e+06
105 1681 3.893810e+01 2.908323e+04  8.355198153742478098e+03  8.700475923235031587e+03  1.001187122134288802e+04  1.009470684885688708e+06
106 1697 3.858792e+01 2.910989e+04  8.195380108607580041e+03  8.195380108607580041e+03  9.870549275341283646e+03  1.012756992411284940e+06
107 1713 3.801070e+01 2.910482e+04  8.195380108607580041e+03  8.448558414363167685e+03  9.761943980017560534e+03  1.010014246017626603e+06
108 1729 3.740773e+01 2.905537e+04  8.195380108607580041e+03  8.483030153460051224e+03  9.971379602181463270e+03  2.008976327586847125e+06
109 1745 3.688231e+01 2.903878e+04  8.195380108607580041e+03  8.370343856513831270e+03  9.091899799966233331e+03  2.010977976329251658e+06
110 1761 3.634869e+01 2.906224e+04  8.195380108607580041e+03  8.762737900598860506e+03  1.008268478840554133e+06  2.008609192359164357e+06
111 1777 3.599633e+01 2.911140e+04  8.195380108607580041e+03  8.549426367051975831e+03  9.203744158382458409e+03  2.008311664500690298e+06
112 1793 3.541867e+01 2.909446e+04  8.195380108607580041e+03  8.346702033840272634e+03  1.008162985696205986e+06  1.011791306087015313e+06
113 1809 3.479888e+01 2.909653e+04  8.195380108607580041e+03  8.357641957815902060e+03  8.928232223007038556e+03  2.008734342067545047e+06
114 1825 3.426947e+01 2.910239e+04  8.195380108607580041e+03  8.765313876098114633e+03  1.008851429040143965e+06  2.010116387211071793e+06
115 1841 3.378791e+01 2.915164e+04  8.195380108607580041e+03  8.840447058402618495e+03  1.510071696045912802e+06  3.008196511763568968e+06
116 1857 3.322191e+01 2.912012e+04  8.195380108607580041e+03  8.513922689977040136e+03  1.009472630744111259e+06  2.009821093231839128e+06
117 1873 3.268484e+01 2.910171e+04  8.195380108607580041e+03  8.561298294544336386e+03  1.008666207069878117e+06  2.010024370283275610e+06
118 1889 3.197900e+01 2.911303e+04  8.195380108607580041e+03  8.334812838431782438e+03  1.016322268332916065e+04  2.010930390621716622e+06
119 1905 3.145673e+01 2.903827e+04  8.195380108607580041e+03  8.306817876668759709e+03  5.087378768055964028e+05  2.008246935295639327e+06
120 1921 3.102333e+01 2.904718e+04  8.195380108607580041e+03  8.468686502658441896e+03  1.008858464271454141e+06  2.008627911302630790e+06
121 1937 3.070396e+01 2.911126e+04  8.195380108607580041e+03  8.359085301980081567e+03  8.914030046861133087e+03  1.009518247309597442e+06
122 1953 3.032355e+01 2.909234e+04  8.195380108607580041e+03  8.451264984653016654e+03  5.086203283706762595e+05  2.009275302654045867e+06
123 1969 2.983827e+01 2.911452e+04  8.195380108607580041e+03  8.415451605080805166e+03  5.086041821725172340e+05  2.008497852743381634e+06
124 1985 2.939536e+01 2.914557e+04  8.195380108607580041e+03  8.309587195421863726e+03  1.008473388958808035e+06  1.010610120490489295e+06
125 2001 2.908647e+01 2.912096e+04  8.195380108607580041e+03  8.476750843919291583e+03  9.692919237822430659e+03  2.009285714310300304e+06
126 2017 2.853664e+01 2.905386e+04  8.195380108607580041e+03  8.495875975132743406e+03  9.114384000885223941e+03  1.010383523105988745e+06
127 2033 2.818636e+01 2.905167e+04  8.195380108607580041e+03  8.486908354527036863e+03  1.008155345595260384e+06  3.008461396662138868e+06
128 2049 2.786070e+01 2.909760e+04  8.195380108607580041e+03  8.432538870248894455e+03  5.087732450668252422e+05  2.008285984574278351e+06
129 2065 2.755107e+01 2.915188e+04  8.195380108607580041e+03  8.496264716047691763e+03  9.071788465130486657e+03  1.009529340112513863e+06
130 2081 2.703332e+01 2.912666e+04  8.195380108607580041e+03  8.619968556141951922e+03  5.087237218010796933e+05  2.008092543846322224e+06
131 2097 2.660708e+01 2.918155e+04  8.195380108607580041e+03  8.342319240465614712e+03  9.564865303668437264e+03  1.010124499921303010e+06
132 2113 2.626976e+01 2.921367e+04  8.195380108607580041e+03  8.315561990910617169e+03  1.008532640720156254e+06  2.008355100919921650e+06
133 2129 2.600211e+01 2.921577e+04  8.195380108607580041e+03  8.322140536555605649e+03  5.086961524605995510e+05  1.009496260134544224e+06
134 2145 2.588575e+01 2.920023e+04  8.195380108607580041e+03  8.306964486439666871e+03  1.008238479933300521e+06  1.009227031747601228e+06
135 2161 2.563192e+01 2.918535e+04  8.195380108607580041e+03  8.349266867898979399e+03  1.008010446527893771e+06  3.008877209089841694e+06
136 2177 2.551248e+01 2.918857e+04  8.195380108607580041e+03  8.288302409877755053e+03  8.908964766406261333e+03  2.008920038572778925e+06
137 2193 2.556611e+01 2.922110e+04  8.195380108607580041e+03  8.362571488519906779e+03  1.008348045483999653e+06  2.008451287347529083e+06
138 2209 2.568123e+01 2.924451e+04  8.195380108607580041e+03  8.415969383667545117e+03  5.084908185177646810e+05  2.008611422471405240e+06
139 2225 2.585930e+01 2.929258e+04  8.195380108607580041e+03  8.321365845630523836e+03  5.090154098325311788e+05  2.007916499947769567e+06
140 2241 2.597879e+01 2.933865e+04  8.195380108607580041e+03  8.296798634580434737e+03  8.756406752082297317e+03  1.008720056152151083e+06
141 2257 2.626109e+01 2.942836e+04  8.195380108607580041e+03  8.459215249547016356e+03  5.086562716628358467e+05  1.010035565427821479e+06
142 2273 2.643912e+01 2.944436e+04  8.195380108607580041e+03  8.231572229647976201e+03  8.720895196089517412e+03  1.009104715149327414e+06
143 2289 2.658788e+01 2.945393e+04  8.195380108607580041e+03  8.552028147188248113e+03  1.008379530099452473e+06  3.008115567512674257e+06
144 2305 2.680922e+01 2.952417e+04  8.195380108607580041e+03  8.719850932071381976e+03  1.008353187902668258e+06  2.008517034748992650e+06
145 2321 2.696767e+01 2.957444e+04  8.195380108607580041e+03  8.478401218067359878e+03  8.994580983546031348e+03  2.008510104069140973e+06
146 2337 2.719956e+01 2.959081e+04  8.195380108607580041e+03  8.320733495780463272e+03  9.282093927707595867e+03  2.008600412407896481e+06
147 2353 2.749005e+01 2.958311e+04  8.195380108607580041e+03  8.497829323645682962e+03  1.008371035446592723e+06  3.008198430119691882e+06
148 2369 2.780615e+01 2.960230e+04  8.195380108607580041e+03  8.397391531844366909e+03  1.008237466918671969e+06  1.009457905138469767e+06
149 2385 2.791165e+01 2.962104e+04  8.195380108607580041e+03  8.351599113762833440e+03  9.408248136197509666e+03  2.008136111926919315e+06
150 2401 2.811931e+01 2.967407e+04  8.195380108607580041e+03  8.450617120782586426e+03  1.008319837870363845e+06  1.009375589973693830e+06
151 2417 2.840820e+01 2.971833e+04  8.195380108607580041e+03  8.466536025274910571e+03  8.958242873242796122e+03  1.009143871779045556e+06
152 2433 2.848240e+01 2.968954e+04  8.195380108607580041e+03  8.422446324351034491e+03  8.987150267342214647e+03  1.008994217556427233e+06
153 2449 2.839046e+01 2.980913e+04  8.195380108607580041e+03  8.532830065355041370e+03  1.008143339974570903e+06  2.008361477748971432e+06
154 2465 2.844399e+01 2.979728e+04  8.195380108607580041e+03  8.449161843462674369e+03  1.000508507280478443e+04  2.008112997802604223e+06
155 2481 2.832349e+01 2.980017e+04  8.195380108607580041e+03  8.359222518901955482e+03  9.170665796974542900e+03  2.008001317522376310e+06
156 2497 2.814989e+01 2.970286e+04  8.195380108607580041e+03  8.268600261928788314e+03  9.057272862925419759e+03  3.008471343254011124e+06
157 2513 2.810838e+01 2.971178e+04  8.195380108607580041e+03  8.448391867174459549e+03  1.008090046003140975e+06  1.009063378488894086e+06
158 2529 2.773596e+01 2.971729e+04  8.195380108607580041e+03  8.410689948334991641e+03  1.008347150599767221e+06  2.007812777952408884e+06
159 2545 2.747753e+01 2.968378e+04  8.195380108607580041e+03  8.857165663518037036e+03  1.008286230430161348e+06  2.009887556341403862e+06
160 2561 2.729591e+01 2.961593e+04  8.195380108607580041e+03  8.462379653807407522e+03  9.070956874691364646e+03  2.007808929210609058e+06
161 2577 2.693889e+01 2.964309e+04  8.195380108607580041e+03  8.245700897443675785e+03  1.008490336728673428e+06  2.009132486260608770e+06
162 2593 2.668546e+01 2.954787e+04  8.195380108607580041e+03  8.566499685311793655e+03  1.008233523362004897e+06  2.007913483202655800e+06
163 2609 2.648470e+01 2.953457e+04  8.195380108607580041e+03  8.339043659156890499e+03  8.806476909219363733e+03  1.009824718106066459e+06
164 2625 2.612491e+01 2.956125e+04  8.195380108607580041e+03  8.290933397965698532e+03  9.227293494023557287e+03  1.009177376392276259e+06
165 2641 2.588296e+01 2.956935e+04  8.195380108607580041e+03  8.360573299327943460e+03  8.697326937686137171e+03  1.008915784018627950e+06
166 2657 2.564534e+01 2.954242e+04  8.195380108607580041e+03  8.451359422717898269e+03  1.008192390942645958e+06  2.008604148579790024e+06
167 2673 2.530843e+01 2.953429e+04  8.195380108607580041e+03  8.428084254154689916e+03  1.008468583400636329e+06  1.009552980487395194e+06
168 2689 2.506251e+01 2.947954e+04  8.195380108607580041e+03  8.500175988299330129e+03  1.008347474953598576e+06  2.008028867257767357e+06
169 2705 2.475864e+01 2.946591e+04  8.195380108607580041e+03  8.382613301723320546e+03  5.088909070763443597e+05  1.009877073490083916e+06
170 2721 2.444570e+01 2.944508e+04  8.195380108607580041e+03  8.343909850143201766e+03  9.050923195544506598e+03  1.008949060522444313e+06
171 2737 2.407750e+01 2.952143e+04  8.195380108607580041e+03  8.610679985825807307e+03  1.008399932015173137e+06  1.008866008116169134e+06
172 2753 2.375798e+01 2.953093e+04  8.195380108607580041e+03  8.291300286408000829e+03  9.171250681839876052e+03  2.008016545829952229e+06
173 2769 2.356934e+01 2.952024e+04  8.187357368793548630e+03  8.187357368793548630e+03  1.008320516197913326e+06  2.008318850169439800e+06
174 2785 2.335887e+01 2.949928e+04  8.187357368793548630e+03  8.296240644135245020e+03  1.008306645191768650e+06  1.009125409778103000e+06
175 2801 2.309912e+01 2.951135e+04  8.187357368793548630e+03  8.321211829581397978e+03  1.007964400183299440e+06  2.008816477072405163e+06
176 2817 2.282081e+01 2.947122e+04  8.187357368793548630e+03  8.391655674423915116e+03  1.008216014674313250e+06  1.009073381025531678e+06
177 2833 2.270114e+01 2.953237e+04  8.187357368793548630e+03  8.457320641796759446e+03  1.008293988812639378e+06  1.009060007752971491e+06
178 2849 2.270204e+01 2.953635e+04  8.187357368793548630e+03  8.278620658805648418e+03  8.916658686740889607e+03  1.009038448868950829e+06
179 2865 2.268926e+01 2.955504e+04  8.187357368793548630e+03  8.343716208504934912e+03  1.008284876558479271e+06  2.007868496211157413e+06
180 2881 2.261413e+01 2.961789e+04  8.187357368793548630e+03  8.330560320783295538e+03  1.008439924045186723e+06  2.007901200452881865e+06
181 2897 2.250447e+01 2.955276e+04  8.187357368793548630e+03  8.264080858983643338e+03  1.008267537315611728e+06  2.008564213251252193e+06
182 2913 2.217401e+01 2.949718e+04  8.187357368793548630e+03  8.384096268078488720e+03  1.008335018781876424e+06  1.008995372007992235e+06
183 2929 2.183950e+01 2.951923e+04  8.187357368793548630e+03  8.284223361772234057e+03  8.692952257637218281e+03  2.008204382075964939e+06
184 2945 2.146220e+01 2.953564e+04  8.187357368793548630e+03  8.317366666791553143e+03  5.083349689066323917e+05  2.008410066679312848e+06
185 2961 2.107934e+01 2.959641e+04  8.187357368793548630e+03  8.323545671946527364e+03  8.682059154294882319e+03  1.008751753574338742e+06
186 2977 2.071395e+01 2.964701e+04  8.187357368793548630e+03  8.242188267709489082e+03  8.660801139032562787e+03  1.009490034264693735e+06
187 2993 2.034020e+01 2.965050e+04  8.187357368793548630e+03  8.262892067270830012e+03  8.641163821468231617e+03  1.008631384707883699e+06
188 3009 1.997888e+01 2.967287e+04  8.187357368793548630e+03  8.202895287772493248e+03  8.545842689546687325e+03  2.007978976493567694e+06
189 3025 1.963642e+01 2.973614e+04  8.187357368793548630e+03  8.221032164266040127e+03  1.008144076859197346e+06  2.008307811231052969e+06
190 3041 1.913867e+01 2.970950e+04  8.187357368793548630e+03  8.276797649137062763e+03  1.008226234329202678e+06  2.008416144278422697e+06
191 3057 1.866701e+01 2.975606e+04  8.187357368793548630e+03  8.203863106999435331e+03  5.083420368636674830e+05  2.008067695084016072e+06
192 3073 1.827227e+01 2.978058e+04  8.187357368793548630e+03  8.288050607675946594e+03  8.550580426175376488e+03  2.008077996634726645e+06
193 3089 1.799237e+01 2.971912e+04  8.187357368793548630e+03  8.222687784815367195e+03  8.591775397239311133e+03  2.007811845668966882e+06
194 3105 1.768063e+01 2.967145e+04  8.187357368793548630e+03  8.310148368227184619e+03  8.780164527794917376e+03  2.008049880429213867e+06
195 3121 1.750568e+01 2.968290e+04  8.187357368793548630e+03  8.347654584287893158e+03  8.479919832891318947e+03  1.008628430292068049e+06
196 3137 1.734925e+01 2.963430e+04  8.187357368793548630e+03  8.210213142260676250e+03  8.573506960337152123e+03  1.008685043110178667e+06
197 3153 1.721025e+01 2.971400e+04  8.187357368793548630e+03  8.246352390505489893e+03  1.008180342824092950e+06  2.007852295030985028e+06
198 3169 1.719562e+01 2.964361e+04  8.182039028567634887e+03  8.182039028567634887e+03  8.461169032190045982e+03  1.008690720195391215e+06
199 3185 1.708483e+01 2.967777e+04  8.182039028567634887e+03  8.191215116971231510e+03  8.505764393166809896e+03  2.008136251782431034e+06
200 3201 1.697391e+01 2.975511e+04  8.182039028567634887e+03  8.186509086801089325e+03  8.369071776519522246e+03  2.008259168097367976e+06
1 3235 7.857774e+01 2.037119e+04  8.182039028567634887e+03  1.026997446720622829e+06  2.040469946479621809e+06  2.098865980455229990e+06
2 3267 7.640553e+01 2.032028e+04  8.182039028567634887e+03  1.023615416151780402e+06  2.015894364919007057e+06  2.093921133848148398e+06
3 3299 7.551570e+01 2.015130e+04  8.182039028567634887e+03  1.013334545700968010e+06  1.061987537042708369e+06  2.075198824606489390e+06
4 3331 7.547440e+01 2.043546e+04  8.182039028567634887e+03  1.012614793956884532e+06  1.540417533492124872e+06  2.050815863767724717e+06
5 3363 7.586237e+01 2.078208e+04  8.182039028567634887e+03  1.012038157831236138e+06  1.575300342408557422e+06  2.035784585046141176e+06
6 3395 7.591108e+01 2.118940e+04  8.182039028567634887e+03  1.011963532795178005e+06  1.561519442373033380e+06  2.173597776622543577e+06
7 3427 7.554530e+01 2.132288e+04  8.182039028567634887e+03  1.012433417178084143e+06  1.526713340059936978e+06  2.061468313881994458e+06
8 3459 7.535141e+01 2.141264e+04  8.182039028567634887e+03  1.012311718969879788e+06  1.038740924025837216e+06  2.037765890070228372e+06
9 3491 7.553751e+01 2.112393e+04  8.182039028567634887e+03  1.012194390792378807e+06  1.046849596571618924e+06  2.093416064122119918e+06
10 3523 7.563563e+01 2.110224e+04  8.182039028567634887e+03  1.012136841288981144e+06  2.014332722828361671e+06  2.188142274165054783e+06
11 3555 7.547414e+01 2.125758e+04  8.182039028567634887e+03  1.011716032901200815e+06  1.028616641118427971e+06  2.167197830030652694e+06
12 3587 7.466948e+01 2.152720e+04  8.182039028567634887e+03  1.011358448206336936e+06  1.030876588146069786e+06  2.046750211388311815e+06
13 3619 7.285470e+01 2.215400e+04  8.182039028567634887e+03  1.011613320142075187e+06  1.021582145710393786e+06  2.196714691964094061e+06
14 3651 7.148957e+01 2.188099e+04  8.182039028567634887e+03  1.010866777042379486e+06  1.016248208841283340e+06  2.223202659604163840e+06
15 3683 7.088975e+01 2.150724e+04  8.182039028567634887e+03  1.011377190475948853e+06  1.023935471072030487e+06  2.204044738117738161e+06
16 3715 6.986975e+01 2.258755e+04  8.182039028567634887e+03  1.011015751463804743e+06  1.017497861304172780e+06  2.044056207235331181e+06
17 3747 6.906617e+01 2.341883e+04  8.182039028567634887e+03  1.010704354723729310e+06  1.019540963127054507e+06  2.023538512407579692e+06
18 3779 6.894304e+01 2.428718e+04  8.182039028567634887e+03  1.010643378558336990e+06  1.023929284830741235e+06  2.016746891317421105e+06
19 3811 6.868208e+01 2.496295e+04  8.182039028567634887e+03  1.010742106531627011e+06  1.016198606827837182e+06  2.027831067699290812e+06
20 3843 6.882939e+01 2.389070e+04  8.182039028567634887e+03  1.010233107148356270e+06  1.024240446466747671e+06  2.032757413561242633e+06
21 3875 6.755544e+01 2.343081e+04  8.182039028567634887e+03  1.010587679356296780e+06  1.019765216471684398e+06  2.025220863221739884e+06
22 3907 6.700857e+01 2.349957e+04  8.182039028567634887e+03  1.010164836384664872e+06  1.014646902066864539e+06  2.035095478841657750e+06
23 3939 6.648459e+01 2.439707e+04  8.182039028567634887e+03  1.010465684332486591e+06  1.014554877986140200e+06  2.025886374195198761e+06
24 3971 6.632211e+01 2.622106e+04  8.182039028567634887e+03  1.010298328579717898e+06  1.014285711210072273e+06  2.021979978455757722e+06
25 4003 6.641878e+01 2.602627e+04  8.182039028567634887e+03  1.009880352407789323e+06  1.015494479622099083e+06  2.026878830577888759e+06
26 4035 6.638790e+01 2.564815e+04  8.182039028567634887e+03  1.009803598399319919e+06  1.018180184285292868e+06  2.017072562301593134e+06
27 4067 6.613495e+01 2.547098e+04  8.182039028567634887e+03  1.010004867600429920e+06  1.014616634779205080e+06  2.019995005751718301e+06
28 4099 6.529055e+01 2.551359e+04  8.182039028567634887e+03  1.010177363244242151e+06  1.014717267562027671e+06  2.107751595509550534e+06
29 4131 6.488008e+01 2.586224e+04  8.182039028567634887e+03  1.009680113997333101e+06  1.012673892701191595e+06  2.026623554633105639e+06
30 4163 6.544439e+01 2.617922e+04  8.182039028567634887e+03  1.009375734843778657e+06  1.012734939215421677e+06  2.018583470912407152e+06
31 4195 6.634591e+01 2.655370e+04  8.182039028567634887e+03  1.009649951983878855e+06  1.016060062267217552e+06  2.087052901873259805e+06
32 4227 6.693246e+01 2.610239e+04  8.182039028567634887e+03  1.009349823667419376e+06  1.012948699800684350e+06  2.013261020476606674e+06
33 4259 6.658597e+01 2.679027e+04  8.182039028567634887e+03  1.009367645505705266e+06  1.014246968178075040e+06  2.012305689308878500e+06
34 4291 6.569500e+01 2.699804e+04  8.182039028567634887e+03  1.009210826330937445e+06  1.013398104476192151e+06  2.025446180487478850e+06
35 4323 6.428784e+01 2.730330e+04  8.182039028567634887e+03  1.008812183561711106e+06  1.012721307000569417e+06  2.014947256356602069e+06
36 4355 6.341039e+01 2.718529e+04  8.182039028567634887e+03  1.008564124899888877e+06  1.010693315784122678e+06  2.028834362895984668e+06
37 4387 6.296798e+01 2.760385e+04  8.182039028567634887e+03  1.009148930487303180e+06  1.013728547248027986e+06  2.025384430746533209e+06
38 4419 6.279708e+01 2.802047e+04  8.182039028567634887e+03  1.008084183155556442e+06  1.012079222268833895e+06  2.016496012234832859e+06
39 4451 6.353163e+01 2.802100e+04  8.182039028567634887e+03  1.008389866139701451e+06  1.010506973211051431e+06  2.012949054560720455e+06
40 4483 6.415646e+01 2.688153e+04  8.182039028567634887e+03  1.007886474976917380e+06  1.011659026580983773e+06  2.009189547522419132e+06
41 4515 6.482421e+01 2.730806e+04  8.182039028567634887e+03  1.008028061862729839e+06  1.011208996348038549e+06  2.014867732013087254e+06
42 4547 6.541169e+01 2.758512e+04  8.182039028567634887e+03  1.007886848450391670e+06  1.009874704114896245e+06  2.023880088037471287e+06
43 4579 6.643223e+01 2.794208e+04  8.182039028567634887e+03  1.007836146441804362e+06  1.011196886110157124e+06  2.017192693292893004e+06
44 4611 6.733216e+01 2.824535e+04  8.182039028567634887e+03  1.007193860960605321e+06  1.011534728324660799e+06  2.014461326064402703e+06
45 4643 6.874663e+01 2.860351e+04  8.182039028567634887e+03  1.007216623808933538e+06  1.009884259891254595e+06  2.011860682926856214e+06
46 4675 7.021982e+01 2.844776e+04  8.182039028567634887e+03  1.007280896384258405e+06  1.012525333496986190e+06  2.021881690668614116e+06
47 4707 7.271506e+01 2.890095e+04  8.182039028567634887e+03  1.007274719302532380e+06  1.009358827696895925e+06  2.015501620706510730e+06
48 4739 7.441283e+01 2.872824e+04  8.182039028567634887e+03  1.007077728017043788e+06  1.011991651821340318e+06  2.016681142312745564e+06
49 4771 7.498865e+01 2.894915e+04  8.182039028567634887e+03  1.007144707865437260e+06  1.013548440162496292e+06  2.019409159834156279e+06
50 4803 7.444166e+01 2.770543e+04  8.182039028567634887e+03  1.007058189942949219e+06  1.010546776405088836e+06  2.019972935838643927e+06
51 4835 7.450376e+01 2.726749e+04  8.182039028567634887e+03  1.007322723690132843e+06  1.011643980806244537e+06  2.013436243569534272e+06
52 4867 7.442739e+01 2.687795e+04  8.182039028567634887e+03  1.006999692645484349e+06  1.011037619272659300e+06  2.045353839118316537e+06
53 4899 7.379551e+01 2.576958e+04  8.182039028567634887e+03  1.006966586534657399e+06  1.010151834817149909e+06  2.014609991597143468e+06
54 4931 7.291563e+01 2.427877e+04  8.182039028567634887e+03  1.006977300704214955e+06  1.012097386668451014e+06  2.011290249151349533e+06
55 4963 7.221649e+01 2.370662e+04  8.182039028567634887e+03  1.007252013354336377e+06  1.011691828223158256e+06  2.033760421779041179e+06
56 4995 7.185761e+01 2.382876e+04  8.182039028567634887e+03  1.007063255784500856e+06  1.010424688458726159e+06  3.016523734762757085e+06
57 5027 7.117771e+01 2.326943e+04  8.182039028567634887e+03  1.007010532626085333e+06  1.010982123202477116e+06  2.015492044767393265e+06
58 5059 7.075417e+01 2.225925e+04  8.182039028567634887e+03  1.007120969511001953e+06  1.009491656157829217e+06  3.007898598498684820e+06
59 5091 7.065318e+01 2.180216e+04  8.182039028567634887e+03  1.007042734036480892e+06  1.009182354276471888e+06  3.014938935941856354e+06
60 5123 7.088568e+01 2.111279e+04  8.182039028567634887e+03  1.007000736594366259e+06  1.010398959280414856e+06  3.027710626854517963e+06
61 5155 7.120148e+01 2.049082e+04  8.182039028567634887e+03  1.006995997340597794e+06  1.012060517676550662e+06  3.008270688782797661e+06
62 5187 7.023683e+01 2.007775e+04  8.182039028567634887e+03  1.007039303384328028e+06  1.008375573838474695e+06  2.008910247109510470e+06
63 5219 6.990276e+01 2.003289e+04  8.182039028567634887e+03  1.007298510787182488e+06  1.013739761321831029e+06  3.007875141265190206e+06
64 5251 6.839000e+01 2.027645e+04  8.182039028567634887e+03  1.007067363950307714e+06  1.010316264969588839e+06  3.016789227714803070e+06
65 5283 6.720773e+01 1.999511e+04  8.182039028567634887e+03  1.006912011727001867e+06  1.009132502382246777e+06  3.006961710650853813e+06
66 5315 6.632830e+01 1.999659e+04  8.182039028567634887e+03  1.006971386889075744e+06  1.010635595892585465e+06  2.015530541790762916e+06
67 5347 6.563331e+01 2.037609e+04  8.182039028567634887e+03  1.007062338365092524e+06  1.011870335469028214e+06  3.007736550625409000e+06
68 5379 6.560544e+01 2.002887e+04  8.182039028567634887e+03  1.007295929465226131e+06  1.009258470000008936e+06  2.014575041576880496e+06
69 5411 6.543297e+01 2.011632e+04  8.182039028567634887e+03  1.007059422549451003e+06  1.009188286454943707e+06  3.026617966790589970e+06
70 5443 6.483660e+01 2.013095e+04  8.182039028567634887e+03  1.007133672967000864e+06  1.009265590311289183e+06  2.011634758298494387e+06
71 5475 6.555600e+01 1.916594e+04  8.182039028567634887e+03  1.007125342684059404e+06  1.008633456817792496e+06  3.013702044401423540e+06
72 5507 6.630864e+01 1.839786e+04  8.182039028567634887e+03  1.007170203546996694e+06  1.008337917526654433e+06  2.012543734088214114e+06
73 5539 6.736307e+01 1.782672e+04  8.182039028567634887e+03  1.007164013070714078e+06  1.009057512538480107e+06  2.017859686382112559e+06
74 5571 6.872221e+01 1.785122e+04  8.182039028567634887e+03  1.007577883394764969e+06  1.009399940691399039e+06  2.019239056259010686e+06
75 5603 6.973442e+01 1.848201e+04  8.182039028567634887e+03  1.007069920504424139e+06  1.009284227503501927e+06  2.017694534061959246e+06
76 5635 6.989164e+01 1.883870e+04  8.182039028567634887e+03  1.007090561673566699e+06  1.010120344963237643e+06  2.011027870178561658e+06
77 5667 7.035584e+01 1.928511e+04  8.182039028567634887e+03  1.007111940295391134e+06  1.010237650668748887e+06  2.010159242284206208e+06
78 5699 7.049934e+01 1.880945e+04  8.182039028567634887e+03  1.007060024628015119e+06  1.009225271026071860e+06  2.034393834835376125e+06
79 5731 7.135403e+01 1.818016e+04  8.182039028567634887e+03  1.007168808773210156e+06  1.008949831732062274e+06  2.011944663790409453e+06
80 5763 7.264921e+01 1.768630e+04  8.182039028567634887e+03  1.007073095493460190e+06  1.009070785316040623e+06  2.012167022157758940e+06
81 5795 7.423334e+01 1.743440e+04  8.182039028567634887e+03  1.007101432458763826e+06  1.009073034797459841e+06  2.008965741598757450e+06
82 5827 7.541346e+01 1.734769e+04  8.182039028567634887e+03  1.007118523896958330e+06  1.010126595577607863e+06  3.007946870818334632e+06
83 5859 7.690501e+01 1.754740e+04  8.182039028567634887e+03  1.007012409271625569e+06  1.008544367176302243e+06  2.010712625252688304e+06
84 5891 7.759843e+01 1.726467e+04  8.182039028567634887e+03  1.007127505437332555e+06  1.010181470488083782e+06  2.009572613740577828e+06
85 5923 7.788940e+01 1.694024e+04  8.182039028567634887e+03  1.007191032767151017e+06  1.008333738817409147e+06  2.009947137926586438e+06
86 5955 7.859202e+01 1.756327e+04  8.182039028567634887e+03  1.006981701907098526e+06  1.008602892233113758e+06  2.009487967318550218e+06
87 5987 7.932215e+01 1.755244e+04  8.182039028567634887e+03  1.007022899487810093e+06  1.010526060859608231e+06  2.022095454996177927e+06
88 6019 7.990769e+01 1.846505e+04  8.182039028567634887e+03  1.007129558212968521e+06  1.009531396823705523e+06  2.007496759700831259e+06
89 6051 8.152794e+01 1.969820e+04  8.182039028567634887e+03  1.006927225542400149e+06  1.007763744581004372e+06  2.011456410678389017e+06
90 6083 8.319685e+01 1.968038e+04  8.182039028567634887e+03  1.007002339945469052e+06  1.009699081319959136e+06  2.016682566163923824e+06
91 6115 8.402358e+01 1.946619e+04  8.182039028567634887e+03  1.007037312232068274e+06  1.009154072673125425e+06  2.009111107756491285e+06
92 6147 8.369518e+01 1.932191e+04  8.182039028567634887e+03  1.006956336328859907e+06  1.010521705985074746e+06  2.016206560149630764e+06
93 6179 8.429490e+01 1.885090e+04  8.182039028567634887e+03  1.007110964074103627e+06  1.009769552922528470e+06  2.013545117854436394e+06
94 6211 8.396092e+01 1.889575e+04  8.182039028567634887e+03  1.007018169790729764e+06  1.008832372460474260e+06  2.020922313034262508e+06
95 6243 8.384814e+01 1.917930e+04  8.182039028567634887e+03  1.006991752778894268e+06  1.008235781387419440e+06  2.022697983515767846e+06
96 6275 8.313438e+01 1.953349e+04  8.182039028567634887e+03  1.007012120754286996e+06  1.008608543134221341e+06  3.007916658758772071e+06
97 6307 8.224302e+01 1.954608e+04  8.182039028567634887e+03  1.007015994727686630e+06  1.008713719776236918e+06  2.019435380796670914e+06
98 6339 8.036487e+01 1.947448e+04  8.182039028567634887e+03  1.006947857253904454e+06  1.008093045579519356e+06  2.014321715961779002e+06
99 6371 7.832154e+01 1.979909e+04  8.182039028567634887e+03  1.007015950492199045e+06  1.008795097694115946e+06  2.007543379689390771e+06
100 6403 7.681500e+01 2.080551e+04  8.182039028567634887e+03  1.007040782047217828e+06  1.008922323322104756e+06  2.007396840401345398e+06
101 6435 7.743183e+01 2.135174e+04  8.182039028567634887e+03  1.006948072382236947e+06  1.009117240415034583e+06  2.007812622690687655e+06
102 6467 7.863603e+01 2.138648e+04  8.182039028567634887e+03  1.006946460097739124e+06  1.008718802043646458e+06  2.011547180950586451e+06
103 6499 7.861488e+01 2.137985e+04  8.182039028567634887e+03  1.006979152656568680e+06  1.008031422363982536e+06  3.008085286504652351e+06
104 6531 7.872818e+01 2.137009e+04  8.182039028567634887e+03  1.007073431781685213e+06  1.008899563836144749e+06  2.008688798692977754e+06
105 6563 7.830652e+01 2.148578e+04  8.182039028567634887e+03  1.007106992365787621e+06  1.008779249918885529e+06  1.014645811705892906e+06
106 6595 7.803368e+01 2.149346e+04  8.182039028567634887e+03  1.007085684437589371e+06  1.009266593400378479e+06  2.014284612959872466e+06
107 6627 7.735022e+01 2.153904e+04  8.182039028567634887e+03  1.007022404939063126e+06  1.008656000023086206e+06  2.016476441383905010e+06
108 6659 7.657625e+01 2.156505e+04  8.182039028567634887e+03  1.007086041994933039e+06  1.008793937573345378e+06  2.012399393630002160e+06
109 6691 7.498227e+01 2.156657e+04  8.182039028567634887e+03  1.006927742337822448e+06  1.008928677852931665e+06  2.009994202502424829e+06
110 6723 7.435601e+01 2.167841e+04  8.182039028567634887e+03  1.006977375530864578e+06  1.008073065610430669e+06  2.013185021080125589e+06
111 6755 7.338039e+01 2.168655e+04  8.182039028567634887e+03  1.006992975296589779e+06  1.008562991565300385e+06  2.009725639469335321e+06
112 6787 7.220826e+01 2.168389e+04  8.182039028567634887e+03  1.006924756302057533e+06  1.007942049655017210e+06  2.009635636723479023e+06
113 6819 7.092219e+01 2.170675e+04  8.182039028567634887e+03  1.007030834606271004e+06  1.008935338980596513e+06  2.009159532447151374e+06
114 6851 7.087854e+01 2.172893e+04  8.182039028567634887e+03  1.006991317941527232e+06  1.007752871853827499e+06  2.009340744560091989e+06
115 6883 7.058009e+01 2.174590e+04  8.182039028567634887e+03  1.006947399827010464e+06  1.008392094824355445e+06  2.017786449658203637e+06
116 6915 6.991748e+01 2.189294e+04  8.182039028567634887e+03  1.006954275413784198e+06  1.008592929162687622e+06  2.012979908249905333e+06
117 6947 6.877198e+01 2.185722e+04  8.182039028567634887e+03  1.006963824558760272e+06  1.008205994919600897e+06  2.007901573008839972e+06
118 6979 6.746017e+01 2.192386e+04  8.182039028567634887e+03  1.007010094650649116e+06  1.007832999350748956e+06  2.011358498969071312e+06
119 7011 6.603720e+01 2.203888e+04  8.182039028567634887e+03  1.007058084517488373e+06  1.008069615091163432e+06  2.009551142774523003e+06
120 7043 6.431012e+01 2.196384e+04  8.182039028567634887e+03  1.007013416372306063e+06  1.007697372903162148e+06  2.010254998259992804e+06
121 7075 6.272448e+01 2.198647e+04  8.182039028567634887e+03  1.006914414233803167e+06  1.007519529914877494e+06  1.011588718577271677e+06
122 7107 6.164057e+01 2.207073e+04  8.182039028567634887e+03  1.006979085686041042e+06  1.007932591148157837e+06  2.007635124076754320e+06
123 7139 6.114510e+01 2.211655e+04  8.182039028567634887e+03  1.006911185558863333e+06  1.007404657809231081e+06  1.014088841368287802e+06
124 7171 6.067721e+01 2.212194e+04  8.182039028567634887e+03  1.007025725235826219e+06  1.007655054745115107e+06  1.015783001697838539e+06
125 7203 5.998980e+01 2.210008e+04  8.182039028567634887e+03  1.006907758564754855e+06  1.007475569821300916e+06  2.007862935705223121e+06
126 7235 5.960245e+01 2.203786e+04  8.182039028567634887e+03  1.006946650218536728e+06  1.007366227290732786e+06  2.007818477679295465e+06
127 7267 5.942752e+01 2.210529e+04  8.182039028567634887e+03  1.006930369842725224e+06  1.007753279929155717e+06  2.007799490108242491e+06
128 7299 5.956385e+01 2.214164e+04  8.182039028567634887e+03  1.006904638279948034e+06  1.007724211950244848e+06  2.008217190461294726e+06
129 7331 5.938083e+01 2.220971e+04  8.182039028567634887e+03  1.006981551298801787e+06  1.007679797600990045e+06  2.009271376155885868e+06
130 7363 5.925043e+01 2.231007e+04  8.182039028567634887e+03  1.006870131877016858e+06  1.007410287208509282e+06  2.010760067343240837e+06
131 7395 5.933546e+01 2.236346e+04  8.182039028567634887e+03  1.006902219107780256e+06  1.007282038101761136e+06  1.016958492728756508e+06
132 7427 6.006576e+01 2.237630e+04  8.182039028567634887e+03  1.006895765212903381e+06  1.007338466521691065e+06  2.008714434226273559e+06
133 7459 6.109398e+01 2.242294e+04  8.182039028567634887e+03  1.006862235007810523e+06  1.007206333281002939e+06  2.006811237894954858e+06
134 7491 6.142071e+01 2.248521e+04  8.182039028567634887e+03  1.006914188156426069e+06  1.007469981388486223e+06  2.007053810660965275e+06
135 7523 6.173092e+01 2.247519e+04  8.182039028567634887e+03  1.006883938914686674e+06  1.007412523852807586e+06  1.010591542424582760e+06
136 7555 6.178551e+01 2.239787e+04  8.182039028567634887e+03  1.006858801442017313e+06  1.007088592630713712e+06  2.007207295572465053e+06
137 7587 6.205616e+01 2.237527e+04  8.182039028567634887e+03  1.006911890441373689e+06  1.007432982367610210e+06  2.010571824191915803e+06
138 7619 6.214438e+01 2.233331e+04  8.182039028567634887e+03  1.006913235646485933e+06  1.007329997748944676e+06  2.008324773747159401e+06
139 7651 6.217336e+01 2.233878e+04  8.182039028567634887e+03  1.006945317007040256e+06  1.007899868101859232e+06  2.007162124943464296e+06
140 7683 6.193167e+01 2.243248e+04  8.182039028567634887e+03  1.006819830422428902e+06  1.007688970339435153e+06  3.006867095345316455e+06
141 7715 6.179499e+01 2.244261e+04  8.182039028567634887e+03  1.006931249491327326e+06  1.007679168552473886e+06  2.007571991713333409e+06
142 7747 6.150827e+01 2.242806e+04  8.182039028567634887e+03  1.006866054475096753e+06  1.007665469566335436e+06  2.008274589512482285e+06
143 7779 6.109459e+01 2.245665e+04  8.182039028567634887e+03  1.006880629341854597e+06  1.007445353074522223e+06  2.007172609564681537e+06
144 7811 6.026327e+01 2.247115e+04  8.182039028567634887e+03  1.006829027666134411e+06  1.007443333355242037e+06  2.008540075086568948e+06
145 7843 6.022855e+01 2.254968e+04  8.182039028567634887e+03  1.006895376571455039e+06  1.007365835693515604e+06  2.009330554830305977e+06
146 7875 6.024728e+01 2.264045e+04  8.182039028567634887e+03  1.006890377382672857e+06  1.007674408269550418e+06  2.007146304822208360e+06
147 7907 6.020380e+01 2.269324e+04  8.182039028567634887e+03  1.006805923482177546e+06  1.007138432649980998e+06  2.007920350519491360e+06
148 7939 6.042399e+01 2.269586e+04  8.182039028567634887e+03  1.006835850611009519e+06  1.007346053692763788e+06  2.006863561959578423e+06
149 7971 6.080480e+01 2.277045e+04  8.182039028567634887e+03  1.006845411370946676e+06  1.007364629698271398e+06  2.006991465779688675e+06
150 8003 6.103563e+01 2.268465e+04  8.182039028567634887e+03  1.006801300186876440e+06  1.007069228161064326e+06  1.009323980917938170e+06
151 8035 6.177881e+01 2.274541e+04  8.182039028567634887e+03  1.006841245977161219e+06  1.007194619235826423e+06  1.009391028663641540e+06
152 8067 6.149015e+01 2.279119e+04  8.182039028567634887e+03  1.006836187297972967e+06  1.007205401421561837e+06  2.008181512798410375e+06
153 8099 6.168675e+01 2.281071e+04  8.182039028567634887e+03  1.006841440056783846e+06  1.007293052505366271e+06  2.007941409237492131e+06
154 8131 6.144573e+01 2.285903e+04  8.182039028567634887e+03  1.006853364237164496e+06  1.007250427474736469e+06  2.009852052130074939e+06
155 8163 6.130301e+01 2.280044e+04  8.182039028567634887e+03  1.006848717959333328e+06  1.007074048792239977e+06  2.007152789575154893e+06
156 8195 6.137689e+01 2.282921e+04  8.182039028567634887e+03  1.006838309680608683e+06  1.007384665497771231e+06  2.007955030509912875e+06
157 8227 6.181861e+01 2.290780e+04  8.182039028567634887e+03  1.006818430755355977e+06  1.007349600080012577e+06  2.008177969746689312e+06
158 8259 6.183148e+01 2.291037e+04  8.182039028567634887e+03  1.006817159568543895e+06  1.007486970923012355e+06  1.010830649434650317e+06
159 8291 6.239662e+01 2.296705e+04  8.182039028567634887e+03  1.006818075619097915e+06  1.007182856124579906e+06  1.012159837935763528e+06
160 8323 6.283554e+01 2.301186e+04  8.182039028567634887e+03  1.006844620975039317e+06  1.007387931479844847e+06  2.006990387304770527e+06
161 8355 6.356176e+01 2.302999e+04  8.182039028567634887e+03  1.006800015826225164e+06  1.007145825253372779e+06  2.007003619380217511e+06
162 8387 6.408496e+01 2.309528e+04  8.182039028567634887e+03  1.006834894351945841e+06  1.007414968203262659e+06  1.010581406617603265e+06
163 8419 6.450351e+01 2.309207e+04  8.182039028567634887e+03  1.006788023157251766e+06  1.007073247205303051e+06  1.011228955589951365e+06
164 8451 6.582643e+01 2.310147e+04  8.182039028567634887e+03  1.006828035476296325e+06  1.007412740499644075e+06  2.009266683831989765e+06
165 8483 6.751342e+01 2.310070e+04  8.182039028567634887e+03  1.006798517131445347e+06  1.007382073007764760e+06  2.009213060219609179e+06
166 8515 6.942624e+01 2.320101e+04  8.182039028567634887e+03  1.006757548185240012e+06  1.007321449030853109e+06  2.008753144815627951e+06
167 8547 7.070097e+01 2.323201e+04  8.182039028567634887e+03  1.006797601167278248e+06  1.007297115765861585e+06  1.011062483920903644e+06
168 8579 7.119648e+01 2.328426e+04  8.182039028567634887e+03  1.006795574372391566e+06  1.007406994381189579e+06  2.008661038589914329e+06
169 8611 7.120653e+01 2.325684e+04  8.182039028567634887e+03  1.006758936836362118e+06  1.007713257357859053e+06  2.008619888002332067e+06
170 8643 7.248947e+01 2.333652e+04  8.182039028567634887e+03  1.006757208034140640e+06  1.007462623762612231e+06  2.010987364535378292e+06
171 8675 7.345172e+01 2.322859e+04  8.182039028567634887e+03  1.006798029643606860e+06  1.007189603503541322e+06  2.006758489691136405e+06
172 8707 7.399902e+01 2.327184e+04  8.182039028567634887e+03  1.006757828890232253e+06  1.007143999531499110e+06  3.008887762722209096e+06
173 8739 7.415798e+01 2.331189e+04  8.182039028567634887e+03  1.006797924025394488e+06  1.007438347566894023e+06  1.010627895315001020e+06
174 8771 7.361358e+01 2.333792e+04  8.182039028567634887e+03  1.006763772944511962e+06  1.007135734251286136e+06  2.007899550036528381e+06
175 8803 7.338943e+01 2.338457e+04  8.182039028567634887e+03  1.006773624321977841e+06  1.007393476506007137e+06  2.008647623648168286e+06
176 8835 7.284476e+01 2.341574e+04  8.182039028567634887e+03  1.006768757916984381e+06  1.007868220953951590e+06  2.007420969836940989e+06
177 8867 7.267522e+01 2.346229e+04  8.182039028567634887e+03  1.006782023310770630e+06  1.007299642079909914e+06  3.007332226394304540e+06
178 8899 7.382707e+01 2.357020e+04  8.182039028567634887e+03  1.006718002692184527e+06  1.007303702381504350e+06  2.008067825444429880e+06
179 8931 7.547876e+01 2.361178e+04  8.182039028567634887e+03  1.006747758198964759e+06  1.007170841328203562e+06  2.008265666650616797e+06
180 8963 7.644296e+01 2.362125e+04  8.182039028567634887e+03  1.006830102296016295e+06  1.007620813746369095e+06  2.008767356324895751e+06
181 8995 7.708066e+01 2.367277e+04  8.182039028567634887e+03  1.006769827004860155e+06  1.007637406496171840e+06  3.006668316891030874e+06
182 9027 7.852081e+01 2.371871e+04  8.182039028567634887e+03  1.006855107805350097e+06  1.007524486189925345e+06  2.009736501844852697e+06
183 9059 7.979565e+01 2.383896e+04  8.182039028567634887e+03  1.006796821674234001e+06  1.007757373062075116e+06  3.008428589900314808e+06
184 9091 8.029874e+01 2.385943e+04  8.182039028567634887e+03  1.006800572822460323e+06  1.008015172168674762e+06  2.008816889062842354e+06
185 9123 8.049157e+01 2.390748e+04  8.182039028567634887e+03  1.006776436788299703e+06  1.007432134097834351e+06  3.009942514050763566e+06
186 9155 8.129729e+01 2.390417e+04  8.182039028567634887e+03  1.006822914854310802e+06  1.007817318539533182e+06  2.013345258558046538e+06
187 9187 8.104565e+01 2.391812e+04  8.182039028567634887e+03  1.006815040159298223e+06  1.007741356969754444e+06  2.009945449739450589e+06
188 9219 8.109322e+01 2.400702e+04  8.182039028567634887e+03  1.006778192350091296e+06  1.007455226825666614e+06  2.007270477357340045e+06
189 9251 8.146561e+01 2.396274e+04  8.182039028567634887e+03  1.006712139203538769e+06  1.007479646287719253e+06  2.011988418842714746e+06
190 9283 8.175104e+01 2.399576e+04  8.182039028567634887e+03  1.006753957128153066e+06  1.007372949390913243e+06  2.007575294115886791e+06
191 9315 8.184713e+01 2.407673e+04  8.182039028567634887e+03  1.006759800614486565e+06  1.007642135824005120e+06  2.010072539230166702e+06
192 9347 8.115889e+01 2.405167e+04  8.182039028567634887e+03  1.006715422485973686e+06  1.007505622321991017e+06  3.008110965690784156e+06
193 9379 8.032494e+01 2.408866e+04  8.182039028567634887e+03  1.006739995317067136e+06  1.007360130934569635e+06  2.008846538498676615e+06
194 9411 7.845828e+01 2.418175e+04  8.182039028567634887e+03  1.006795191893863841e+06  1.007558481894681929e+06  2.011409779503054451e+06
195 9443 7.712410e+01 2.419649e+04  8.182039028567634887e+03  1.006787907772573060e+06  1.007464450992092374e+06  2.012069967518016463e+06
196 9475 7.601507e+01 2.420861e+04  8.182039028567634887e+03  1.006736511716359062e+06  1.007267135868056444e+06  3.006893912811485585e+06
197 9507 7.441703e+01 2.421699e+04  8.182039028567634887e+03  1.006746454032259993e+06  1.007173714667273453e+06  2.008176017512170598e+06
198 9539 7.401631e+01 2.414114e+04  8.182039028567634887e+03  1.006746578745760024e+06  1.007113154171314323e+06  2.006762473460077541e+06
199 9571 7.397630e+01 2.415931e+04  8.182039028567634887e+03  1.006773033162210719e+06  1.007353980228688801e+06  2.007947823543108767e+06
200 9603 7.460697e+01 2.414221e+04  8.182039028567634887e+03  1.006733005751892575e+06  1.007053596438750159e+06  2.008770655210980447e+06
1 9669 7.883420e+01 2.019947e+04  8.182039028567634887e+03  1.022811670247861184e+06  2.035539352489270503e+06  2.109369438560833223e+06
2 9733 7.691518e+01 2.084702e+04  8.182039028567634887e+03  1.020135097783380421e+06  1.557368144741186872e+06  2.101732624065143056e+06
3 9797 7.737322e+01 2.119294e+04  8.182039028567634887e+03  1.017532694710429874e+06  2.014680750581240281e+06  2.077153105262895580e+06
4 9861 7.786142e+01 2.214903e+04  8.182039028567634887e+03  1.014554872333767242e+06  1.550020626358858775e+06  2.081825591600263491e+06
5 9925 7.906057e+01 2.160834e+04  8.182039028567634887e+03  1.011984783156383666e+06  1.053141374987714691e+06  2.061443475150955841e+06
6 9989 8.011293e+01 2.255590e+04  8.182039028567634887e+03  1.011401179585342761e+06  1.074100781181318685e+06  2.102634551034472417e+06
7 10053 8.108462e+01 2.180356e+04  8.182039028567634887e+03  1.011675413523444673e+06  1.022154212387221167e+06  2.063839947876659688e+06
